0.3220995024875622
0.3215820895522388
0.3223084577114428
0.32191044776119404
0.32175124378109454
0.32196019900497513
0.32229850746268657
0.322636815920398
0.32196019900497513
0.32272636815920397
0.3219402985074627
0.32315422885572137
0.3228358208955224
0.32365174129353236
0.32386069651741295
0.32422885572139304
0.3244776119402985
0.32481592039800994
0.32514427860696515
0.32549253731343286
0.3252139303482587
0.32607960199004976
0.32564179104477614
0.3269154228855721
0.3266965174129353
0.32801990049751245
0.32702487562189053
0.3273930348258706
0.3273233830845771
0.3273233830845771
0.32745273631840793
0.32745273631840793
0.3274328358208955
0.32754228855721396
0.3276119402985075
0.32774129353233833
0.3278208955223881
0.32785074626865673
0.328089552238806
0.32817910447761195
0.32827860696517414
0.32834825870646767
0.3285671641791045
0.3284278606965174
0.328636815920398
0.32859701492537313
0.32850746268656716
0.32865671641791044
0.3285870646766169
0.32859701492537313
0.328726368159204
0.32875621890547263
0.32861691542288557
0.32859701492537313
0.3286467661691542
0.3279402985074627
0.3277313432835821
0.3276318407960199
0.32807960199004976
0.32834825870646767
0.3294825870646766
0.33156218905472634
0.33264676616915423
0.3327462686567164
0.3331542288557214
0.3332238805970149
0.3333134328358209
0.333592039800995
0.3340398009950249
0.3341592039800995
0.3345174129353234
0.33465671641791045
0.33503482587064676
0.3350049751243781
0.33492537313432835
0.33481592039800995
0.3345273631840796
0.33422885572139305
0.3334228855721393
0.33066666666666666
0.33060696517412935
0.33093532338308457
0.33151243781094525
0.3318805970149254
0.33277611940298507
0.3339502487562189
0.3344179104477612
0.334636815920398
0.33541293532338307
0.3342686567164179
0.33406965174129355
0.3351044776119403
0.3347462686567164
0.3346766169154229
0.3355422885572139
0.3361393034825871
0.33607960199004977
0.33650746268656717
0.3368855721393035
0.3364676616915423
0.33591044776119405
0.3354427860696517
0.33464676616915423
0.33405970149253733
0.333592039800995
0.3335522388059701
0.3335422885572139
0.3334825870646766
0.3336517412935323
0.3335820895522388
0.33362189054726366
0.33351243781094525
0.3337810945273632
0.33391044776119405
0.33381094527363186
0.3338905472636816
0.3339303482587065
0.3337910447761194
0.3338905472636816
0.3338805970149254
0.33423880597014927
0.3340995024875622
0.33401990049751246
0.3341492537313433
0.33396019900497514
0.3339900497512438
0.33406965174129355
0.3338407960199005
0.33396019900497514
0.333273631840796
0.33330348258706466
0.33323383084577113
0.33249751243781095
0.3314328358208955
0.33034825870646767
0.3294427860696517
0.32887562189054725
0.3282089552238806
0.3277313432835821
0.32735323383084575
0.3265771144278607
0.32629850746268657
0.32596019900497514
0.3257313432835821
0.3255024875621891
0.3250646766169154
0.32492537313432834
0.3245870646766169
0.32422885572139304
0.3242587064676617
0.3239402985074627
0.32391044776119404
0.3234129353233831
0.32293532338308456
0.3226268656716418
0.32211940298507463
0.32093532338308456
0.3202487562189055
0.3201094527363184
0.3195621890547264
0.31933333333333336
0.3190248756218905
0.3183582089552239
0.3181492537313433
0.3179900497512438
0.31765174129353235
0.31738308457711445
0.3171940298507463
0.31682587064676615
0.31623880597014925
0.31576119402985076
0.3154029850746269
0.31550248756218907
0.31555223880597016
0.31564179104477613
0.31565174129353235
0.315452736318408
0.31517412935323386
0.3149651741293532
0.3151940298507463
0.3156119402985075
0.3154228855721393
0.3152039800995025
0.3145870646766169
0.31387064676616916
0.3132537313432836
0.31244776119402984
0.3117412935323383
0.3111542288557214
0.3109950248756219
0.3114029850746269
0.31197014925373134
0.31171144278606966
0.31095522388059704
0.30955223880597016
0.30878606965174127
0.3083681592039801
0.3062686567164179
0.3042089552238806
0.30327363184079603
